2.257867748510673067e+00 2.161148836687534214e+01 4.718884352249171243e+00 1.589210221414707647e+01 7.838009750271437426e+00 6.074144323272004264e+00 2.352036320456432961e+01 1.176794948166774546e+01 7.598429354320774820e+00 7.233120618597894236e+00 1.320778945815289163e+01 4.383278990994303181e-01
1.856138691615479397e+00 2.967758121194668863e+00 5.645517690491177021e+00 3.510062915156644436e+01 3.943731309718493616e+00 1.989645964825845326e+00 1.173083770425384209e+01 3.407846389605491133e+00 8.130683761652212738e+00 2.524583339421246464e+00 8.560030338248697745e+00 1.260364020204844593e+01
4.834290487415683124e+00 1.021775538054330568e+01 6.314790953854579669e+00 1.385855292665042882e+01 1.399309797857160298e+01 1.950809812515243635e+01 9.763262181002170692e+00 7.022532476120322720e+00 1.115005159072418728e+01 1.501854683421106174e+01 1.098615708601401941e+01 1.158398219152266329e+01
4.705837857430579696e+00 1.724748196735480965e+00 3.054165392434423421e+00 3.642014254649107663e+00 1.322521706453555979e+01 1.199005570887498529e+01 8.656216407100892241e+00 3.231143281646139620e+00 2.988589683078710202e+00 9.209286946825615772e+00 1.342799753663272311e+00 1.131716641863098838e+00
4.856399682809865226e+00 1.060869561276931439e+00 1.357970168152606938e+01 1.919658918953327031e+01 1.685668477391792663e+01 1.818299391816161759e+01 2.222074417805983160e+01 3.645815961454225818e+00 4.539170374448820766e+00 7.890911849377356901e+00 6.290023715917301139e+00 6.667063353189712771e+00
2.239589527785082979e+01 1.019123024853416837e+01 5.414961030440075263e+00 3.523597668369666991e+01 2.633010057208210952e+01 6.351456090011478040e+00 1.059645501770619447e+00 3.399166806696618437e+01 3.074972123183150075e+01 7.986057067541244336e+00 6.884710828558597839e+00 1.532955752247856296e+01
2.307726083516136395e+00 1.363574416960845603e+01 4.483565855699682245e+00 3.201465671565043181e+01 1.339593011297798597e+01 2.990390030809425426e+01 9.486588906135468235e+00 1.060746505014844487e+01 1.869980156519149617e+01 1.730252893113674517e+01 8.400295841931550100e+00 9.408939674443954626e-01
1.176693797138275421e+01 8.787206674927793060e+00 1.223551714218779285e+00 6.242006795703322553e+01 6.840437541402828003e+00 1.290132803073452195e+01 1.753194265772980032e+01 5.646403067367717910e+00 3.055484799421686937e+00 7.576271779601612799e+00 2.530434561780476344e+01 1.880964520851562405e+00
3.441004752170479719e+01 6.327843310960029832e+00 2.961393939062464842e+00 1.535474207828940951e+00 1.317193013476683561e+01 2.402048558389573873e+00 1.935435924089067328e+01 2.099422725150681046e+01 1.436063753420626377e+01 2.014897364215373798e+00 1.608105841050996077e+01 6.859712574693759279e+00
2.339609392661925469e+01 3.621281904570257382e+01 9.826689208169506529e+00 2.383219027030306947e+01 7.431079912323275138e+00 2.007277748005640916e+01 7.487824519909192844e+00 1.011792097670014634e+01 5.048640914361467225e+00 8.767204638487793744e+00 3.049663133786533198e+00 3.617224148591377286e+01
