3.288363026824882240e+01 6.303859059950516652e+00 4.302766641397830938e+00 1.641024262952632817e+00 2.217492235131242850e+01 1.144852402108277367e+01 1.013635221232048877e+01 8.409537313317954954e+00 1.661022212444421342e+01 1.665107734622783653e+01 3.449097339572045229e+00 4.446475742546597054e+00
1.162775418207843003e+01 3.648575357803835129e+00 6.853713111767963717e+00 1.932186800797857984e+00 1.346548146007093116e+01 6.030493394624212300e+00 1.305669351270337453e+00 3.645221018244350297e+00 7.276204212731658849e+00 4.169716513318156181e+00 3.337462941948547090e+00 7.135800472478126544e+00
1.339731565145498848e+01 1.337965621620173806e+01 2.541872328048384588e+01 4.906157269401682619e+00 1.797381160059393856e+00 1.522926077365261222e+01 1.325784024815510698e+01 5.679539066623347843e+00 5.034606373611190122e+00 9.260643648656870397e+00 1.092232978868290338e+01 3.377661397459590376e-01
1.597353470792550034e+01 7.939258144537799655e-01 4.792135138208959866e+00 3.520001935406984916e+00 1.299573568308557858e+00 4.089860031421922448e-01 3.291031357428926274e+00 2.714091370921775326e+00 4.624600237281681459e+00 8.277866126864960705e+00 3.141727197495291612e+00 1.576802371695333882e-01
1.820364431583333165e+00 4.380070056733972983e+00 7.420935254666821912e+00 8.146289054660456941e+00 2.314781295081841161e+00 1.375479946272805343e+01 2.432663958564950324e+00 2.327894412807861801e+00 3.765370508702077679e+00 2.121371349672448048e+01 7.029687787180474601e+00 8.163399833807333250e-01
5.996542313331079121e-01 1.812918654704153143e+00 3.821098616455048891e+00 1.221874188822568374e+00 6.594014251862251541e+00 1.338881146839489666e+01 6.793614056314973837e+00 9.161273756872231999e+00 5.080498154684926604e+00 1.126004218461717343e+01 5.066103638402289278e+00 7.302235869987776518e-01
2.336804507598818859e+01 7.383840852992989312e+00 1.263452640133839289e+01 4.046249981780070115e+00 6.346723720501774579e+00 1.905122072588343585e+01 5.138616375009208426e+00 5.164130183851252553e+00 8.265023452659248093e+00 1.325107439348836103e+01 2.135750011493336942e+01 2.004628791527172993e+00
2.438012983521774757e+00 1.416659230654314250e+01 7.850651399845974154e+00 7.904312588246682481e+00 3.409634381163445305e+00 3.985783847760825616e+00 1.353946118369391982e+01 8.814021681215969295e+00 6.257658211085231237e+00 4.456822326076808061e+00 2.946675529562770457e+00 6.246498236722709541e-01
4.624732724136264572e+00 7.306265178203905641e-01 5.778695899896630017e+00 1.933518186680654338e+00 2.617966677756310201e+00 7.927220296890278739e+00 3.283392602712693176e+00 7.281376747974140251e+00 1.022388966519381448e+01 5.290336062585500265e+00 4.441383189977381463e-01 3.881843399646844439e+00
6.079281859505399410e+01 1.063105228290413251e+01 1.766299245476534807e+01 9.512962223385702742e+00 1.918787434049342622e+01 4.742017580071051341e+00 1.814182251664470513e+01 3.658232772024993196e+00 3.314170001354588724e+00 1.689023194680125517e+00 1.627510403632531677e+01 3.224676099036617671e+00
