1.909659631421038739e+01 2.045481754987811129e+01 2.306152335327893965e+01 1.836174447107464758e+01 2.924876364421178820e+01 9.728039657138417340e+00 7.283430555580143739e+00 3.708555444234814047e+01 2.425363302950169953e+01 2.868983873134924423e+01 5.274012531239958612e+00 3.939594523439003737e+00
3.527390504096598534e+01 2.198191066808999494e+01 8.712658404933922185e+00 2.556801904762468425e+01 5.070914824013190270e+00 1.688793823999176880e+01 2.156519872745161948e+01 3.178723483201975952e+01 2.640556984013280939e+01 9.413626268911617245e+00 1.924013220096181342e+01 2.074838838111846684e+01
6.894153585540099272e+00 8.448075346389694928e+00 3.992063078867678527e+00 2.990977112475898281e+01 1.020616082853060824e+01 5.489279842655447439e+00 1.406793634287246064e+01 2.231384868835852586e+01 5.041790431466735889e+00 3.403968992443196395e+00 1.789207484494627209e+01 9.714018436522174227e+00
9.884499053855201112e+00 8.439152484163537693e+00 8.322847592911981618e-01 1.370103305308644792e+01 8.343234994079429256e+00 1.124395996763795935e+01 1.692756513401570473e+01 2.588527639775961120e+00 2.147395234108938666e+01 1.576198294642337672e+01 1.350353341112750449e+01 1.531865533322838324e+01
1.011806520668013931e+01 2.239836969405358502e+01 3.501609641059212663e+01 6.445822769624336956e+01 1.082998803913627661e+01 4.380525477348660246e+01 1.603941747769282955e+01 2.881270702491881153e+01 1.031018003256221149e+01 3.935815835697411558e+01 1.300600924667129554e+01 3.494617231078327535e+01
2.515239251755595262e+01 3.496416452605920711e+01 4.068481934297977887e+00 6.261746648649330282e+00 8.282819818950853730e+00 6.386656928381891696e+00 6.146437262047083294e+00 8.048961591370540347e+00 7.126844387162766914e+00 1.290882359627991782e+01 1.111738542012441755e+01 2.073840110802611747e+01
1.210846621608975227e+01 2.139917541307407589e+01 1.377184772391816026e+00 1.825751145863565483e+01 3.415488186044183294e+01 1.448616382666197033e+01 1.051920616708663880e+00 7.450887074581515002e+00 4.374892304481234007e+00 8.190879168302556579e+00 3.522897436018308071e+01 6.778049769126032409e+00
6.130681150356391385e+00 1.031158320141767781e+01 4.750048961940112946e+00 1.284221543179568670e+01 3.928485767980320897e+00 7.966357558291803365e+00 1.737607449604907472e+01 1.129233971458148567e+01 2.126460364586665008e+01 7.650837046178917689e+00 5.932909580476566802e+00 1.501783763932765048e+01
7.385094080968185537e+00 1.704468437253812141e+01 1.446855002504901755e+01 1.502249903721301827e+01 3.733690560441173290e+01 2.042635321471652077e+01 2.484357121134026158e+01 4.187708065538171098e+01 3.133437887465770455e+00 1.933637952163373086e+01 5.566787639902099727e+01 3.441021363558207469e+01
1.024436239430324580e+00 5.094436412905199774e+00 4.846760558122461759e+00 1.045493669487419197e+01 7.195169595643600147e+00 1.144920954223483944e+00 9.911753739301582655e+00 2.108225047163297461e+01 1.057287821961982566e+01 1.738538445326194193e+01 2.528101494022280349e+01 8.057990489260882683e+00
