3.975011335745942009e+00 9.994891204095843307e+00 7.643156411206034839e+00 4.537524872518120311e+00 2.399005130946718189e+00 2.155155673395584781e+00 2.199502707989993056e+01 2.423746145199656965e+01 1.105440032112487092e+00 9.064504610041637989e+00 4.561895440307150551e+00 9.811105320892494319e+00
4.397434601272334653e+00 2.091451486678163008e+01 7.492589759593839105e+00 3.786137528520475026e+00 7.570139235578345449e+00 2.552412518001948349e+00 8.102592556739267593e+00 1.402118569483701283e+00 4.665372386087724088e+00 1.357832574201757936e+01 1.490391146790450261e+00 1.049024856777045933e+01
3.891268540178877799e+00 7.891207332351076076e+00 1.189866769029135352e+00 5.281567919833598523e-01 3.085960164284286211e+00 1.285834484028861624e+01 9.088318284948462278e+00 3.116092220076600139e+00 1.752481657836653106e+00 3.553216540492433406e+00 8.095823427939615513e+00 2.773969197772949258e+00
2.479063019671247758e+00 2.031271390745576610e+01 2.119356002445780263e+01 9.327818480688309322e+00 1.522530247083979127e+01 1.601679978275410932e+01 7.099498683254996223e+00 1.125056616937878751e+01 6.922620009718086997e+00 8.454989217179068817e+00 6.406946826692376362e+00 1.280258059851069063e+01
2.506832981397403159e+01 6.324585461851931711e+00 2.576424642899481476e+00 1.024605675961155526e+01 3.285241590981962645e+01 1.393213397071023874e+00 7.386447304601936992e+00 7.409085730837642103e+00 2.219682734880252184e+01 2.478747810801600693e+01 8.175344639503146382e+00 1.969971766431346438e+01
4.122522889091918552e-01 1.437406602971254443e+00 2.324257656361214952e-01 2.193809062241454111e+00 5.611237380431790100e+00 4.730393040557888007e+00 2.334477125936805564e+00 8.720716816476071997e+00 4.795609566065619944e+00 6.990668908296818529e+00 2.554665817174153020e+01 3.009253822468109796e+00
2.856657681452101638e+00 1.437246212818999602e+01 1.607924607270269846e+01 3.448643688567362631e+01 2.311694051272098349e+01 6.835449920807636026e+00 2.455357355149091703e+01 1.380082794400756541e+01 1.109405541538105133e+01 3.229645360218133732e+01 9.628900879841122418e+00 8.672695121306579491e-01
3.170473807125977217e+01 7.717941074006979818e+00 4.813718543923392268e+00 1.124759132643803028e+01 1.230352647981844605e+01 8.473356244634821621e+00 7.522194629360465790e+00 3.504237472370939521e+00 2.129004166989565761e+01 7.710521036723571697e+00 1.143472745650081723e+00 3.375077300950920289e+00
2.572085928419256984e+00 5.331479943605836880e+00 1.443202427177267033e+01 3.120792344708653854e-01 1.376295511643064984e+01 3.224736311490455698e+00 6.449647313151944950e+00 6.230796312975283691e+00 1.331009517429310129e+01 1.074417732676329962e+01 4.920443175382609446e+00 8.732126793426321143e+00
2.399251760919165832e+01 8.417016544308888015e+00 9.388159433805045140e+00 2.147936290876668508e+01 5.976512409053782449e+00 6.383423158615499915e+00 5.218220422029586913e+00 2.154355636402848972e+01 2.505561852198346262e+00 1.040871298781717691e+00 1.762641090141009448e+00 2.978171209473260461e+01
