1.777448105417634139e+01 1.473780159496668851e+00 7.344228086927413024e+00 3.320813806805817592e+01 1.652583254346670216e+01 5.005718109821410522e+00 8.267789960094749091e+00 2.254465917973137223e+00 1.308768966975753845e+00 2.228751314638130054e+01 9.896215237616239335e+00 9.010348549009609798e+00
2.101123522805297483e+01 1.365777884359622263e+01 4.188640978827196548e+00 8.745212170782501460e+00 4.043326802966476841e+00 1.388979569958670979e+01 1.503122209030426149e+01 4.166628881609004686e+00 1.351127739999084909e+01 3.804126460898882733e+00 8.119701812627317494e+00 2.439984369104573858e+01
7.838570606351280112e+00 1.354503237824568274e+01 8.138096601915304262e+00 6.115518500394556689e+00 3.108654990885948521e+01 1.012277995257004193e+01 2.344768813679670316e+01 2.223691989379824818e+01 3.947163422433193603e+01 7.075888214990667890e+00 8.017043820165422829e+00 1.434939764150581532e+01
2.381910161472381215e+00 3.632177499326291414e+00 1.111179774264743081e+01 2.180479961925891885e+01 3.595752203926672053e+01 8.161228916214342988e+00 2.024542193608489882e+01 7.215244428272018062e+00 1.070753184222922094e+00 1.317961776731945456e+01 4.563652232325708269e+00 3.113702566666407279e+01
1.779372128887473536e+00 1.640278101899247432e+01 1.405996079091261741e+01 3.140781537073511842e+01 1.311293576419502749e+01 8.873203067525206933e+00 3.082743644137801198e+01 5.805733132190262324e+00 1.438182243856824805e+01 3.563044054284541851e+00 1.592505768356887952e+00 2.843005975135616481e+00
1.949249494335368027e+01 1.005116969501316149e+01 1.458530439645102383e+01 7.090970574804642546e+00 1.855906408758211557e+00 5.577477993969001346e+00 9.657447294533302085e+00 2.395685804264971708e+01 2.171530341984713885e+01 9.836313062376207839e+00 4.024217440095704923e+00 1.401047570203769688e+01
1.934711081577239256e+01 3.662500304120762706e+01 1.229226260676782978e+01 2.977949363106800362e+01 1.379047670948033044e+00 2.035706496229112616e+01 3.898061446463326973e+01 7.172266410508457923e+00 2.404280668539536947e+01 3.632262488391364030e+01 9.659212857215310422e+00 1.521666027384675779e+01
9.384022044538498974e+00 5.969316086995476667e+00 9.420559570933471960e+00 2.408363673328981847e+01 1.487328521603357423e+01 8.914006653300033278e+00 1.991192598916777001e+01 1.570040640316193148e+01 3.977804651442554906e+00 4.199823318883053602e-01 1.302877238142871086e+01 3.041998365352184486e+00
4.934677697949481967e+00 1.707299357635302073e+01 3.842817153325050583e+01 1.697611293811514344e+01 1.312300004542292520e+01 5.024998740641494877e+00 3.147709188300738248e+01 1.560706662168833070e+01 2.736078418316001404e+00 1.062782809577299759e+01 2.210384766574885873e+01 1.352496513822232060e+01
6.374496360737037293e+00 1.610997885836633614e+01 9.979714879248686721e-01 5.999135556691097548e-01 1.835763082978977678e+01 3.220470235739724352e+00 9.024556885955039576e+00 5.974528302200744712e+00 2.208536885055748655e+01 1.526389997672317733e+01 3.767268577087323322e+00 3.165044444500599297e-01
