8.274221506522235758e-01 1.344005710516571028e+01 5.076069325239588537e+00 2.600320597648245524e+00 3.153744652055468389e+00 1.442250204077534725e+01 5.742478499769450906e+00 2.744107736511480322e+00 5.074273037760145044e+00 1.499194338548350203e+01 7.426439606276616701e+00 2.355223820216323649e-01
6.389752054839537898e+00 3.414045740859029898e+00 1.121333542066078826e+00 5.182133847454654330e+00 5.278700325661530357e+00 3.041325533771587430e+00 1.257602593842982008e+00 8.221494898672709883e-01 2.285538911461828970e+00 3.958123660723184223e+00 5.871173444497868488e+00 1.659996585512414802e+00
9.502853406786051504e-01 2.202903024917309160e+00 8.459361489878481910e-01 1.270127827950264132e+00 1.496192303770318865e+00 4.723934209201981815e+00 7.643714048093981361e+00 1.835637644659445344e+00 7.838454085847521569e+00 2.923968936183433787e+00 4.651730464020741529e+00 4.327300386250440667e+00
1.680165847409154978e+01 4.275193771745708915e+00 5.024998740641493988e+00 6.317231395734914656e+00 8.517560408728630961e+00 8.626315559114742015e+00 7.885282479731894334e+00 7.697443493743054699e-01 7.630748764975309406e+00 2.406181154919750043e+00 1.402065308926193943e+01 4.240915760724788264e+00
1.562589211698997538e+01 4.890689843364024014e+00 1.621318868792125834e+00 6.582580157348892236e+00 1.691662141271423669e+00 2.630649909660994101e+00 3.464489187118693359e+00 7.664690524342844924e+00 1.515617765089173297e+01 4.797570300261672749e+00 8.428726900532030442e+00 9.825035615858407567e+00
1.156534320686635420e+00 2.492404105981676388e+00 7.942856899269392201e+00 9.792464859589661286e-01 2.936613796430289636e+00 2.200508266768583354e+00 9.375847361368182531e-01 7.888772161411702122e+00 3.409946998041036181e+00 2.191587522315632253e+00 5.643225076992719025e+00 2.361184675577260084e+00
1.308603866376757852e+00 4.399435260381172164e+00 3.075058526207401943e+00 2.772816274461243902e-01 3.964212508255645417e+00 4.137259714193484150e+00 1.207215411874401845e+01 4.033838003007550910e+00 6.991560283990835289e-01 7.860375433339592099e+00 3.293879016460991682e+00 6.111974242048149542e+00
1.120900776662430154e+01 5.642772684689292717e+00 6.999612223247458687e+00 1.315570973876123162e+01 9.887031598216461603e+00 4.994953153360217613e-01 2.551664984983185391e+00 9.406917941491137469e+00 1.331078764333028275e+01 6.495704692152001414e+00 2.875360932221033394e+00 4.101124297641208116e+00
2.388513302459794319e-01 7.219881430851931903e+00 8.127278007303132545e-01 7.281498464890252542e+00 8.975415495440584035e-01 5.191584549342934451e+00 3.292366770557682898e+00 3.122519382029690593e+00 9.066554142846634079e+00 3.292646375486407262e+00 2.729840025561435235e-01 1.163882943054521529e-01
1.715060690539526433e+01 6.196924164969969340e+00 6.673647676132490325e+00 2.464396919416156795e+00 4.623653519136102230e-01 1.604710467755651848e+00 2.662580319761248315e+00 8.404535333509345563e+00 4.412671235165960049e+00 5.400655890110607871e+00 2.342716245717530565e+00 1.217890632196113376e+00
