1.120109787087697484e+01 3.828139634356142018e+00 1.029602967842693140e+01 1.233625685126755123e+01 5.699076460312761938e+00 7.373663277588800469e+00 2.507174461496997964e+00 2.124716810507800702e+01 1.951768693970897584e+00 1.275235675247063227e+01 2.399198946587475589e+01 2.231059988595829324e+01
1.094061184280357324e+01 9.141847417943107956e+00 4.003169929192049281e+00 2.233525210779008674e+01 6.005128867035430140e+00 1.276305214446469094e+01 1.340894243827933430e+00 4.885662797824620540e+00 7.520924189440186147e+00 1.964162107773466914e+01 7.241664223410462675e+00 1.562358499407305312e-01
1.721406114313040447e+01 6.424388585559448472e+00 7.585719393056151727e-01 3.611843508125253344e+00 4.392639599677250040e+00 5.618327553284449216e+00 2.964806819614933531e+00 9.340113051109579345e+00 8.829201275926188419e-01 3.841859348090270299e+00 7.651755157604279489e+00 8.462108967836103446e+00
6.855547989879206661e+00 9.222464581949393336e-01 1.217412471396602358e+00 2.646174041442596714e+00 4.942270065177507554e+00 1.149469870696266272e+00 6.259120156020523407e-01 4.143797690519494203e+00 3.438491675860628760e+00 8.084108763627211758e+00 1.837167759669436506e+01 1.624428491595066415e+00
7.946532891023633027e+00 8.973831461548138488e-01 6.072262200983252534e+00 4.229501915750683239e+00 2.188140028931415682e+00 8.799932683027314795e+00 8.444710156504015686e+00 3.487163092180740165e+00 5.003607528697677331e+00 9.419939467697085789e+00 8.081710169705814906e+00 4.190660242376678113e+00
4.188763424108014277e+00 9.442173354565316146e+00 2.339252416173770166e-01 7.606630498689991526e+00 1.163808833088446804e+01 2.079761653655370690e+00 1.105346433461870959e+01 4.128548979802264540e+00 5.258896087785697837e+00 8.209529375561016806e+00 3.922323159238674695e+00 6.557465652815185342e-01
4.726094994789201564e+01 2.456322420165432674e-01 1.051367013284405338e+01 1.908942659666172759e+01 1.656427868226585076e+01 2.344140045720156440e+00 7.085152505809483969e+00 8.369168350974630854e+00 8.647663007636941401e+00 3.391732113017323691e+00 2.170362286769007198e+01 1.654503730837203435e+01
3.555171307043390350e+00 1.310332396638212993e+00 1.811286756144218524e+00 4.649178293079770263e+00 5.041862621547500645e+00 5.875811969120571021e+00 3.542528964648504752e-01 1.855484007139352354e+00 4.904424292761778936e+00 8.248786604713409076e+00 5.325913060768566964e+00 5.253288457157129443e+00
1.358224898275825820e+00 2.878405543217418261e-01 7.225439247643010710e+00 4.192259608887733968e+00 1.051059285414817079e+00 4.988385975126939265e+00 4.672935096363055152e+00 3.522059136120989198e+00 4.955291019431245836e+00 4.053295050192402549e+00 7.570904194159224332e+00 8.605837451403605343e+00
2.469786496967216305e+00 4.920342162868010405e+00 4.335516284133372977e+00 3.710831995795685678e+00 3.247383680898064284e+00 5.022041584146164972e+00 3.256038284032781949e+00 8.106548023649430945e+00 1.100826805268176045e+01 5.821037618405910052e+00 1.481086707013876769e+01 2.351974772398956404e+01
