7.459053692608145880e+00 1.033428318481487374e+01 9.577689104921400798e+00 3.159909220868285296e+00 3.273070982087266767e+00 5.675737369726270742e+00 2.105996910741179207e+01 1.262076975060067952e+01 1.024967294012371966e+00 6.691147456923674852e+00 1.738280814715676414e-01 1.510934210182391624e+01
1.054262189882486922e+01 1.002866422356789045e+01 1.174199558900208018e+01 2.001089711447117558e+00 4.179900077196780472e+00 6.294232162509781681e+00 5.370031624139906867e+00 1.626369968286271472e+01 6.822681720886524026e+00 8.574557717061443540e+00 4.073876995445231408e-01 8.687293029223969398e+00
1.113885513305883990e+01 3.969568676884020597e+00 4.815323813494375216e+00 4.396840705303481478e+00 3.540216304909792999e+00 5.378719619659911189e+00 1.315546574153101211e+01 5.403612123090929309e+00 1.412444010894761348e+00 1.326640632698754274e+01 2.681567378604598484e-01 3.007285088825263575e+00
4.923959292011380029e+01 1.302543904815514964e+01 2.097276601168650600e+01 4.328315318584889937e+00 4.713927106599602723e+01 6.972462766015590674e+00 5.015912822132791327e+00 7.911015783553972724e+00 2.929070430995246888e+00 3.454073901516033374e+01 9.280361507296374768e+00 1.259611848170770365e+01
5.911004825992519862e+00 2.605344263112115399e+01 1.610524105372224213e+01 4.130940119055231285e+00 1.425530223472872038e+01 2.918017175673633190e+01 2.906035419092668803e+01 3.196718445991366231e+00 1.265175520431838407e+01 2.333502992812334043e+01 2.236304150734615703e+01 3.004933568862598658e+00
7.571442571882495542e+01 1.723095848421364806e+01 4.771996220753221607e+00 9.723975100093788626e+00 3.427023208889345796e+01 2.007991537076998512e+01 1.584217949412793303e+01 4.281198098386653328e+00 2.369347506534695924e+01 6.926634292619442412e+00 2.187084076094578222e+01 9.499244176607628987e+00
1.135568893084008657e+00 3.926214611742796023e+01 2.876830008367890379e+00 2.594892264873772003e+00 1.359428978647424380e+01 1.200313845819449909e+01 5.385731021192143864e+00 8.205125774682015205e+00 2.251965075937005523e+01 4.940438465243217614e+00 1.789083626621227108e+00 8.229352787478264375e+00
7.580676610133883386e+00 1.003381404598582272e+01 2.347227764871879430e+01 4.109866564072007122e+00 3.702386856739090071e+00 2.284658322501172734e+01 6.194127331141931592e+00 1.034835879573267725e+01 9.085525538531834755e+00 8.589968559505509305e+00 1.639228623281039132e+00 1.469633246614039912e+01
9.679100864472371057e+00 3.986160124125964543e+00 1.017355936273220074e+01 4.850866840335219976e+00 2.205124675075772345e+01 1.948326025095588676e+01 1.937926761900578221e+00 6.437463899457833350e+01 8.890182766527791713e+00 4.877966891174861708e+00 1.974817307999183669e+01 8.161977418982828691e-01
4.647349225380557058e+00 1.427228060254033259e+00 1.202201845998079222e+00 4.786506285483802969e+00 5.423233285067892595e+00 6.832472968422734994e+00 3.203736300721241381e+00 5.052058450788492472e+00 7.825189183631604095e+00 1.025030080863544413e+01 7.315904193772715391e-01 8.312209580047014157e+00
