3.339447246551305426e+00 1.631940535618998567e+01 5.490566628818271955e-01 5.747218473404171135e+00 1.310269956459257301e+01 1.260214128564138747e+01 5.008288361309370273e+00 1.162210152875922020e+01 5.439359674729375094e+00 8.146703430711548677e+00 1.313492942281394704e+01 1.326905378308917971e+00
1.447665299880505785e+01 7.604489345425063718e+00 7.440376458430709938e+00 2.893145782705921043e+00 9.594462551181278442e+00 7.343548069785130750e+00 6.086420291362029111e+00 8.030206538006385841e+00 8.869709368543279293e-01 1.967463208089126558e+00 5.431417157720037636e+00 1.048457138963827617e+01
1.378387864709442301e+00 3.143000005959709853e+00 1.388854240325869682e+00 2.305459490070598250e+01 5.655724581218224856e+00 1.669447107256241125e+00 1.785775189131730656e+01 5.771566652222436922e+00 1.554008038769318922e+00 8.175181251649910052e+00 6.035847501773327295e+00 4.152329070480495155e+00
2.358150754969627982e+01 8.260770583329644978e+00 6.194441575034481673e+00 1.234407431553266932e+01 3.414243795874912024e+01 1.112178483644790106e+01 1.070504514320076650e+00 3.064329492637230423e+00 1.303876386628659567e+01 1.817644179448397068e+01 3.414142097666039266e+00 1.564050577584048973e+01
1.048666476584480645e+00 1.749069430834322958e+01 5.054407597701025878e+00 3.284332953035380864e+00 6.268573900747959726e+00 9.615591314353753027e-01 7.814180652951771222e+00 2.237209174806607415e+00 9.689737567168450028e+00 1.310043598486442917e+01 1.142817924062696022e+01 2.092555879017094222e-01
1.098706718297789209e+01 3.825538606917128881e+00 5.549617661388309919e+00 2.013045391731215972e+01 1.760901560298910695e+01 1.103843264561511361e+01 5.690114277634984674e+00 4.009600707971644695e+00 5.199001495566741404e+00 2.429757452981668564e+01 8.346193203251630166e+00 2.229654116404965691e+00
1.812218817619240241e+01 2.635496088102644663e+01 2.358483567106497958e+01 8.305406984669838621e+00 4.549496542988568315e+00 1.169793487150738187e+01 1.655500745309886446e+00 9.150473510618677864e+00 1.117164289452204251e+01 6.440932461965262590e+00 6.799190998010272047e+00 1.172704476216162917e+00
1.020194706623021652e+01 5.943137029538808846e+00 1.975258823140757736e+00 3.529340521033066835e+00 2.132936134757818891e+01 9.689786567294592645e-01 1.423228716951243022e+01 1.052762917045742874e+00 1.540209156696565440e+00 2.000544636421703881e+00 3.504630355712485823e+01 5.692315011077545561e-01
8.188559807031339233e+00 3.265864892644917195e+00 4.456612171838332692e+00 4.214052708088263266e+00 1.814976379451794575e+00 2.933552705477096012e+00 6.726700517776388999e+00 2.102727352140243866e+00 1.253055350870623208e+01 7.609510478879355055e+00 8.347008535683904995e+00 2.870223033094024823e-01
3.032299153102537836e+00 5.384415659051976277e+00 1.286187823427029819e+01 1.392078589046379378e+00 1.061133750354026795e+00 3.258958291269359098e+00 2.262437207360120883e+00 2.794101301495137690e+00 7.806168399102486610e+00 5.207238314967162829e+00 3.180016348614529864e+00 9.538055247015166105e-02
