1.478102662251551713e+01 1.210719085658588412e+01 1.796788706577571393e+00 2.392025699311159315e+01 1.131196150122864097e+01 7.122914109667423332e+00 1.809080895769231700e+00 3.612480436192742062e+00 8.221963921432653422e+00 4.963480303876082189e+00 3.049934407855049656e+00 2.059737429697969091e+01
1.038303201698779787e+01 6.697468996704087019e+00 1.831093505566698809e+01 4.679234942381793161e+00 3.864510920263357185e+00 8.405708397122426234e+00 8.617327528347495047e+00 1.307122643888327040e+01 4.967668464193699229e+00 9.026485655674497011e+00 8.117482457127273676e+00 3.458054811002319706e+00
1.426781051700043612e+01 7.843405288212791149e+00 3.823846657112107295e+01 2.177833532470324585e+01 2.337372176527756551e+01 2.259501316972646023e+01 1.528257971712599250e+01 2.083937622596779704e+01 5.861671517048029578e+00 2.026088262263038686e+01 1.626380565350889640e+01 1.207004853938037359e+00
1.300746598277975785e+01 3.201879445501758070e+00 7.139911709683035568e+00 2.215410189760385062e+00 1.191692373249615500e+01 7.394667385803593618e+00 4.475883510202505633e+00 1.382050410223678050e+01 1.726718931858475248e+00 1.150567580490926112e+01 1.390015062720600447e+01 7.726010601476296369e-02
5.011452333556253080e+01 5.083160838186563169e+00 2.240400129471520785e+01 4.891621416395828703e+00 1.364875037003251812e+01 4.730110818292129871e+00 2.537350472531424828e+01 9.082084839552360123e+00 5.687410733083154035e+00 1.798466730694904037e+00 2.096653981754516227e+00 5.081892862471625527e+00
1.487138667499747768e+01 4.287370461472329808e+00 2.253225094660381700e+01 5.782219535157811841e+00 8.018723498398381722e+00 1.402210416530106762e+01 1.380009152721002508e+01 1.169250961935845545e+01 1.308490481422107621e+01 1.390008684658480043e+01 3.258332575266996045e+00 2.870489402854490280e+00
6.840400166455939512e+00 7.121035043764433858e+00 3.721123887334166369e+01 2.603633017702374985e+00 1.539012693316321645e+01 1.361362705743119150e+01 1.343704315568882102e+01 5.449551899174090330e+00 3.527421925895751542e+00 1.730922032637727259e+00 4.276517864672040758e+00 4.089448347458676913e+00
5.129150801077203781e+00 2.546248089952053562e+01 3.720008159136556358e+00 7.874599585629619369e+00 1.915263499033551042e+01 1.109221437507276775e+01 2.015806964366506193e+01 1.121256689983841426e+01 1.820774588925290205e+00 2.691985982306616343e+00 1.929786988497383149e+01 2.621686298683385985e+01
1.045729649725395127e+01 3.173519765063984366e+00 1.632047655611425796e+01 3.813863061255148068e+01 2.537444790504780556e+01 8.100026509086323045e+00 1.414416834828261571e+01 6.022410845244444033e+00 1.936202074251144012e+01 2.304786078251056836e+01 8.861585866724071892e+00 2.402328014230445064e+01
3.740799375611906896e+00 6.928177080859525105e+00 1.095869304532735100e+01 1.391160782181296440e+01 4.343208790461897451e+00 2.276379968214957472e+01 1.601544989524694707e+00 1.322342400957732345e+01 1.308200835611470403e+01 4.889337500130306324e+00 3.483057000643638546e+00 1.422954477584366906e+01
