1.100714575778298077e+01 1.307336890529552598e+00 3.904434587519858280e+00 2.794986453378492275e+00 2.010213383599114056e+00 1.089797052391801913e+00 3.929563453080303415e+00 2.974193710098393506e+00 1.280184246618557342e+00 3.375832522540916258e+00 7.094932557820786911e+00 6.370646677859659324e-01
1.008039853179443313e+01 6.664475953612293502e+00 8.880658415327314259e+00 1.075721273629094021e+01 1.505600212542817395e+00 1.943857688184043031e+00 6.425310749537963773e+00 4.990202332346084901e+00 3.676723351883849134e+00 1.404866281788222482e+00 1.748108911786751429e+00 1.363041759587723778e+00
7.891575231592840023e-01 1.170399338331326700e+00 1.120534543545582684e+00 7.412087064824948612e+00 2.950371623064127480e+00 1.543575886555545784e+00 4.475005224617578214e+00 1.109323571369679406e+00 2.998598931466375461e+00 6.985213327769641545e+00 1.739831569799828559e+00 9.081487323550518909e-01
4.194829789615895699e+00 8.504169415765922224e+00 7.676915211184744958e-01 4.351286217358479314e-01 6.024230640760459998e+00 2.332653181725898861e+00 8.809052509620558524e+00 2.691148159089774339e+00 1.059806164150818741e+00 3.248256348636722635e+00 2.566379060472002926e+00 3.046991751692595257e-02
3.014141796441180077e+00 3.995057055020131198e+00 5.992122331121619183e+00 5.005632388762111695e+00 4.449663011425623260e+00 5.849229473961534254e+00 8.558007534573787822e+00 9.809341787581464800e-01 7.069237346788957765e+00 5.037583565965476851e+00 5.121218493370806257e+00 1.401393094704626918e+01
1.795012881714637842e+01 2.039168971552583365e+00 1.318550573345368981e+01 7.226783767588321972e+00 3.219999137339581097e+00 7.539868714490708612e+00 7.045066024528823245e-01 1.301811722617791434e+00 4.106863822760609573e+00 6.404017076497829031e+00 1.238091709709057220e+01 4.053367245234425376e+00
4.986606012090504692e+00 4.499127925791417404e+00 3.471120580110590215e+00 8.320177712778036749e+00 6.712940229060269937e-02 1.886263540068104261e+00 3.121719175036507199e+00 1.857784268111998927e+00 8.383780515616994222e+00 3.265713891824362780e-01 6.765792206001568054e+00 7.748289569542325950e-01
1.549301186479108861e+00 3.339209715899684738e+00 4.341350363472238350e-01 9.974729018524755020e-01 6.624780943134114253e+00 6.824419465446736943e+00 5.413985567540477106e+00 3.586958078236335279e+00 1.320014943778646810e+00 5.088717803253770100e+00 4.347884777962975456e+00 8.545848430567485332e-01
1.278811567552654971e+01 5.541816160917145240e+00 8.335721121466601602e+00 9.448107438024213600e-01 9.693652012415160613e+00 6.213700301009257299e-01 4.875333696482000989e-01 1.801069643588262048e+00 7.841834290357845294e-01 3.547828084325349352e+00 4.222098065764948061e+00 2.040711818481509010e-01
1.084073371808216057e+00 2.252803451668361134e+01 1.422087170452126514e+00 1.127457743137541879e+00 1.003672526829645228e+01 3.909628187464761151e+00 2.902972906558377808e+00 1.676847611592566878e+01 8.709466231632973177e+00 2.112893178774805492e+01 4.088254370207022426e+00 2.018854254535699111e-01
