1.086081491631660567e+00 2.439835489687752101e+00 1.717639111132819529e+00 1.237519536424116051e+00 4.317105712112171645e+00 3.638726054947091448e+00 6.007348162148737902e-01 1.249198389290802069e+00 5.718947300700584213e-01 8.035970792320887846e-01 3.137394161886364774e+00 7.777772248118830056e+00
4.223115751075189550e+00 1.341269382368331797e+01 8.369754302404976087e+00 1.044172190375276976e+01 3.882564817260225620e+00 6.758073996936668770e-01 3.303394847390471512e+00 9.033036190006029642e-01 5.923663676364180120e+00 1.410010869514014775e+00 1.313757949105192679e+01 2.225412145381756357e+00
2.594148111517823097e+00 2.399264666058727791e+00 1.549979612027133413e+01 6.135524155545803993e-01 2.158216760160931891e+00 2.699105365891051989e+00 1.331506154518565577e+00 2.060971534559860263e+00 1.816997786436486351e+00 1.360500058511751043e+00 1.319174243855139039e+01 7.829013526988140903e+00
1.912599706009413314e+00 2.387018472112606204e+00 4.438304542252059726e+00 4.648126672170474372e+00 3.089087763361183736e+00 3.898996242454218386e+00 1.974922987074160252e+00 2.617363899728163190e+00 6.166815195362991275e+00 5.103943653851934492e+00 1.140540487369676059e+00 4.787820194051777278e+00
1.175122542978748896e+01 5.112475824841437699e+00 2.002003897476504335e+01 1.567644650201811540e+00 6.735962143491351029e+00 4.140509378623233872e+00 2.600168560183828248e+00 4.241964565269454646e+00 5.868112485384371801e+00 8.306583984868973758e-01 5.171231936281292185e+00 1.708707396492004094e+01
4.959292947503092108e+01 7.922058466964736478e-01 4.429423248517450951e+00 2.163554670725627815e+01 7.608891621503049763e+00 5.694692314292774782e+00 3.295416850069906367e+00 2.098967793072389121e+00 4.437632493706393788e+00 1.728774988052300898e+01 6.412360547668755295e+00 4.895463559321603597e+00
2.555634100680738818e+00 1.177876386969105793e+00 2.849481782602954372e+00 4.297525240366008248e+00 9.934545118342107628e+00 5.030572009417098478e+00 3.963704686543738198e+00 9.318731432672340276e+00 3.031002057457390375e+00 2.100028665755056867e+00 9.599674846671636175e+00 7.958890153849188520e-01
3.943674608668216841e+00 5.258790509685967507e+00 2.368155255695559180e+00 5.919423896298795285e+00 2.329132482494348366e+01 3.297205885969996420e+00 9.847604485389135576e+00 7.645263196721984178e-01 4.265733449249756504e+00 6.126341464758304767e+00 1.436431471339255417e+01 3.704425589737955216e-01
6.157286978997033033e-01 5.506225504196634368e+00 1.670836425620519261e+00 1.919378725499633731e+00 1.033639792404817737e+00 1.697734817255846407e+00 3.350609889346758852e+00 4.166909446080381940e+00 2.496838872402604714e+00 1.301394134027510363e+00 1.587929399396195151e+00 5.660328199985721120e+00
7.024746803242991611e-01 1.165874753616695614e+01 4.568386372648369331e+00 3.172514723126356628e+00 6.684788603915112759e-01 5.640440343367117748e+00 3.436180768319597068e+00 5.181218943598666637e-01 2.299868047280472450e+00 1.327363391217865285e+01 1.547128879299797255e+01 1.608767447802801698e+01
