8.283421009209748220e+00 3.481164017759588170e-01 3.047262835343010678e+00 5.998932836059073459e+00 1.297681564121792697e+01 1.753452705522305521e+01 5.643306930263005672e-01 1.396979179844750174e+00 4.268641167223242050e+00 1.335664994132143901e+00 4.055054488056089923e+00 7.973590559262053734e-01
1.005640405972764384e+01 2.741114718708369757e+00 2.202180226158211074e+00 3.535467861238241749e+00 1.424889397640026756e+00 3.643097377223629252e+00 7.299123612012271778e+00 3.766072459609233647e+00 1.868073857674669380e+00 7.402941100149748044e-01 1.217492077639582782e+01 5.346924896000363470e-01
1.401715943106343509e+01 2.695393399200160900e+01 1.384540473036146402e+01 5.758351163351068003e+00 2.038401304550187376e+01 4.782560224035646179e+00 8.089482592147547280e+00 7.648669896718520711e-01 1.862369574108541537e+00 5.232598658082501686e+00 6.431380813807017205e+00 4.519391388799706810e+00
1.547128976353375229e+01 2.345187809104999133e+00 1.178268797228249198e+01 6.411218579587893984e+00 2.201958900050486889e+01 6.948917073945750644e+00 4.164791549538165327e+00 4.556160155380932331e+00 3.744993261275818774e+00 1.144191470458583204e+01 1.657418369256934909e+01 2.515211987830892948e+00
1.954360681222847784e+00 1.293204600002570759e+00 7.148267492513776133e+00 1.129820090420702350e+01 2.717887595961599789e+00 5.317857127524233007e+00 4.539102180366266559e+00 2.258079899435028182e+01 5.443191894423665467e+00 5.469623365041129226e+00 7.294320946646193349e+00 2.360069166909903315e-01
4.605370075613387293e+00 4.773100833598095782e+00 2.769627806969971573e+00 3.007926404817701904e+00 1.235963635295752283e+01 5.133024289608846935e+00 1.352131691214007336e+00 6.885573974772679406e+00 1.313038586572160327e+01 5.392066468805454704e+00 2.253469145834632315e-01 4.733882708957755092e-01
9.056137272523747228e+00 4.467672518652019420e+00 1.104493575807857475e+01 7.862638140855379376e+00 1.027783750668082696e+01 1.602384451520613950e+01 2.368257513648750745e+01 1.330718961992759120e+01 3.705487602294902594e+00 1.209711402688644410e+00 2.198381907163925675e+01 4.816644747654278191e+00
1.451398186318291472e+01 1.296007071452449289e+01 1.523807834578431120e+01 9.264790809919324133e+00 2.523587755584891568e+01 6.981096220401154184e+00 2.411904002185042728e+01 1.288625293336631783e+00 9.122006518873131853e+00 8.008995281582160786e+00 8.585274698060779031e+00 9.461012266473506571e+00
8.865763236580757045e-01 1.368313708706734078e+00 2.875336912853899474e+00 2.863665735361050402e+00 1.275346656291630154e+01 5.959585960559255824e+00 7.569859424427924033e+00 8.014729566635491409e+00 5.360662344025266535e+00 1.303541582711972602e+01 1.236761049737768792e+00 3.366582933330406036e+00
6.174417920640759228e+00 7.301098498493786337e+00 8.823224709654725828e+00 7.772030790484498297e+00 2.281493399179500159e+01 2.148504719292582621e+01 6.564110911923187963e+00 7.368868426998121279e+00 3.180359248451447129e+00 5.311542299187751226e+00 5.040240822488376793e+00 4.130262095799854816e-01
