5.810274927665059153e+00 8.776309483720094562e+00 1.266878263859755904e+01 1.189330995948205683e+01 1.769205622814571655e+01 1.299574025182387160e+01 6.053034086790712642e+00 2.905984872896745941e+01 1.534349105812496639e+01 4.640093362399183974e+01 9.992372445683830762e+00 4.380202244012335377e+00
2.490075316711205033e+01 1.362013975403460009e+01 7.407833717358356829e+00 1.475882168807982531e+01 1.032343914944970997e+01 4.273424712565287997e+00 1.652065907322050720e+00 1.687531628522833671e+01 1.161687568657294456e+01 6.826369265439031331e+00 1.241736896346881203e+01 1.843407510079800815e+01
2.072359377618690601e+01 1.780191617107618640e+01 5.053544246294230824e+00 2.385794352066686219e+00 1.083299782920007814e+01 5.209312384329360057e+00 6.408274604993649426e+00 5.312981191793807234e+00 3.731430587294711998e+00 4.361524958882411762e-01 1.581196609917112994e+01 1.547454054118169076e+01
1.511942612082157744e+01 8.565171930525774968e+00 2.619790775636219848e+01 1.604463662304267046e+01 1.142772626135089453e+01 4.212569848729121880e+00 6.143366184081052062e+00 1.048301014596892777e+01 2.404878304485584195e+01 5.602718328284484350e+00 2.295594704316775481e+00 2.425945959022104859e+01
1.408098636847718232e+01 7.094461790170722537e+00 5.081834671935117953e+00 3.451020781375328284e+01 5.507668341624002650e+00 8.093763547428719507e-01 6.324643750752841243e+00 6.138271445447921693e+00 2.114076035623502392e+01 7.753764693258916374e+00 1.875955290372183271e+01 2.701780864949721028e+00
4.048680766658057095e+00 1.785554676845582023e+01 1.369720904412074614e+00 2.647083225134283069e+00 1.220660299035012031e+01 1.939952978237997616e+00 1.302590937269186000e+01 2.056143000105237562e+01 2.790823401071393040e+00 1.413852017866175004e+01 2.539168428782112841e+01 1.782896885394114150e+01
2.280557696363050013e+01 1.263231336420328788e+01 5.978196731357874327e+00 5.991750498239554190e+00 1.990916992494753179e+00 1.460832425477273766e+01 5.004075283834461985e+00 1.359592282182778433e+01 4.448747126455773859e+00 2.625103053080110627e+01 1.359804561767141884e+01 2.330466334229246428e+00
8.820367803599925338e+00 1.626328709368396375e+01 2.026878492797668940e+01 1.030155819759548841e+01 3.312015760596806047e+01 4.536512539863410964e+00 8.837684966389200980e+00 3.533360158361666947e+00 1.618595806441996388e+01 7.806107283776465344e+00 2.160703489826372703e+01 3.319156441867515461e+00
1.011126042702888128e+01 8.811617039610485591e+00 1.375925961137091313e+01 1.302979927495321277e+01 1.473158171888874968e+01 1.339065129349148009e+01 8.782229644610426433e+00 1.747448117439015736e+00 1.357556760790784089e+01 4.921564293041879701e+00 1.649999821875870509e+01 1.495626168140626655e+00
2.135749206993214244e+01 3.018603899556778547e+00 4.112759090536774131e+00 7.042122242582756542e+00 1.242275775229080459e+01 4.083088764835659745e+00 2.169872058128556347e+01 3.498715077572613552e+01 1.761582336910204560e+01 2.225004861459603589e+01 8.572837504651865004e+00 3.305954093585934839e+00
