4.121175582373944479e+01 1.234619661208741448e+01 1.125322810102970195e+00 1.238624138311051581e+01 7.689564585947721298e+00 2.273837087761611286e+01 4.640725220128389950e+00 2.167595336789694827e+01 2.061732513877798567e+01 1.518627187904327336e+01 1.300307631532868058e+01 2.282990257381331745e+01
5.398762019994085115e+00 5.305980240510660195e+00 5.341935913201921737e-01 5.019804814183178365e+00 7.804173431304703534e+00 5.669888326558938374e+00 9.283420977137403440e+00 1.535063092255144568e+01 8.066551118481267713e-01 5.244717423179239724e+00 2.125167819135672431e+01 6.697211727126249903e-01
9.844652635458768231e+00 3.885684007851800459e+00 2.478914511784805796e+01 4.150629209355968463e+00 6.287196202398131817e+00 1.082837388181939886e+01 1.298155918173516632e+01 1.121620563570911955e+01 1.707303084340866084e+00 7.030211355780190630e+00 2.137651129557796459e+00 2.198309786032603341e+01
1.318873805036732350e+01 2.793233659424221305e+00 1.018746159901043846e+01 1.234729999789706767e+01 1.394377418203336605e+00 3.714893315034119237e+00 1.108964668869415426e+01 4.242515418546282291e+01 3.046169593335578130e-01 1.209578992612341253e+01 1.980497181390449057e+01 2.214980035521570656e+01
4.275464080102165276e+00 5.013164411289008804e+00 1.390028786114484216e+00 4.506051850064650921e+00 2.183349633115430777e+01 4.334330904615910640e+00 1.802409070854949036e+01 6.900884665501646253e+00 4.811569344967356443e+00 5.945833257964603824e+00 6.248165988956932537e+00 5.963210924970082871e+00
3.323367296159579354e+01 2.228236378690060970e+00 2.002575003943546594e+00 6.316917115719353326e+00 1.172662490374449185e+01 5.169718972721374151e+00 7.345013869221157954e+00 2.001489861639932499e+01 3.042692628304669800e+00 4.364782268475195792e+00 6.576577931149103051e+00 1.399745867626542406e+00
6.495979190245154911e+00 7.887735837453591081e-01 1.802550371533088835e+00 1.322007361590624264e+00 1.128064016975649864e+01 8.684789053272346848e+00 1.377491808354016811e+01 6.124722372803227621e+00 4.220077184945311366e+00 1.325977459205945053e+01 8.345909882737611696e+00 1.226827256793361132e+00
2.619978129221432805e+00 1.689019242395514908e+01 9.052566592766089215e+00 6.173845258338579001e+00 1.384395226472043738e+01 5.750841308968987597e+00 1.635038811148832849e+01 9.401681273505062553e-01 3.486083966777636878e+00 1.272480611913944593e+01 4.533158706293321849e+00 2.125686951596698737e+00
3.531629279667551913e+01 7.711840563610637744e+00 1.417490386820489512e+01 1.220877480150291738e+01 2.335031240626383120e+00 5.422556387410217837e+00 2.382642443737643845e+01 6.171893102353464222e+00 1.316865243835407995e+01 2.342677518960779537e+01 3.549622861060119927e+00 1.219362930179464044e+01
1.528523810219028611e+01 9.871828285925891677e+00 1.153124327022917939e+01 1.696885294298281721e+01 9.455427040127055704e+00 5.205411525379449955e+00 2.205715697826304389e+00 3.254901125200470346e+01 1.104832000606141129e+01 4.496410494990797702e+00 5.259714064816628287e+00 4.165978885144039801e+00
